KP_1000_weakly_correlated
capacity	245716
nb_items	1000
item	value	weight
0	327	296
1	780	873
2	133	61
3	491	468
4	485	478
5	14	27
6	558	548
7	868	782
8	122	44
9	374	392
10	678	580
11	761	708
12	943	928
13	485	542
14	224	180
15	29	32
16	218	200
17	669	660
18	446	496
19	751	742
20	637	700
21	749	687
22	48	27
23	379	288
24	4	94
25	309	329
26	551	546
27	109	84
28	831	883
29	916	930
30	854	821
31	711	802
32	557	508
33	496	567
34	249	337
35	840	804
36	670	723
37	132	211
38	88	5
39	125	100
40	100	31
41	607	511
42	694	675
43	333	235
44	67	26
45	93	24
46	416	346
47	412	501
48	72	131
49	750	663
50	893	975
51	723	745
52	302	317
53	268	243
54	186	185
55	217	258
56	516	611
57	845	796
58	954	923
59	733	794
60	59	61
61	751	710
62	817	756
63	713	755
64	102	38
65	895	881
66	417	414
67	642	643
68	390	290
69	781	769
70	53	44
71	257	195
72	193	268
73	586	575
74	903	964
75	918	913
76	621	645
77	803	714
78	236	323
79	420	516
80	678	722
81	526	475
82	190	112
83	565	542
84	69	119
85	619	700
86	786	877
87	289	368
88	886	899
89	834	791
90	809	902
91	136	36
92	145	168
93	378	425
94	524	522
95	132	64
96	882	814
97	645	702
98	655	614
99	629	641
100	556	630
101	886	871
102	798	799
103	125	35
104	660	602
105	359	431
106	871	830
107	677	744
108	1074	995
109	903	964
110	857	773
111	354	332
112	65	47
113	486	457
114	239	194
115	703	736
116	797	863
117	455	355
118	252	177
119	98	79
120	69	127
121	73	13
122	925	978
123	265	355
124	204	241
125	619	712
126	801	782
127	985	933
128	1015	924
129	842	884
130	570	637
131	132	41
132	517	531
133	146	105
134	241	194
135	617	703
136	119	90
137	327	229
138	1021	938
139	684	704
140	598	618
141	413	488
142	685	692
143	570	581
144	511	424
145	466	563
146	545	544
147	790	721
148	464	555
149	692	629
150	934	919
151	889	900
152	30	5
153	788	866
154	152	134
155	109	42
156	1026	938
157	373	429
158	944	888
159	44	140
160	383	447
161	245	152
162	771	862
163	125	142
164	704	700
165	824	917
166	550	452
167	508	582
168	125	165
169	893	961
170	483	396
171	537	509
172	481	493
173	349	396
174	562	508
175	333	365
176	107	10
177	133	137
178	267	172
179	776	683
180	200	144
181	596	692
182	606	584
183	309	291
184	129	226
185	335	434
186	267	211
187	740	803
188	838	867
189	49	37
190	760	684
191	831	862
192	209	129
193	155	231
194	81	177
195	666	711
196	592	639
197	138	132
198	365	297
199	390	302
200	274	302
201	519	576
202	269	202
203	909	869
204	802	758
205	565	591
206	452	473
207	832	758
208	107	126
209	409	315
210	86	42
211	756	727
212	47	38
213	1016	943
214	269	235
215	331	231
216	664	707
217	235	236
218	327	383
219	955	929
220	818	861
221	827	759
222	909	983
223	113	37
224	220	239
225	248	183
226	195	219
227	19	111
228	30	130
229	356	276
230	901	889
231	709	794
232	380	451
233	524	459
234	221	317
235	600	545
236	794	767
237	260	276
238	759	727
239	926	902
240	473	551
241	645	645
242	400	418
243	524	573
244	273	197
245	578	569
246	187	176
247	123	214
248	1011	987
249	522	436
250	811	891
251	104	118
252	603	525
253	916	984
254	193	135
255	1001	937
256	813	894
257	981	966
258	829	774
259	1045	954
260	662	563
261	276	208
262	127	107
263	719	796
264	43	87
265	805	751
266	293	329
267	308	378
268	925	969
269	789	832
270	469	417
271	284	250
272	6	101
273	713	654
274	130	128
275	531	431
276	259	354
277	425	466
278	967	891
279	529	570
280	434	502
281	715	791
282	180	95
283	262	185
284	576	597
285	964	893
286	287	220
287	287	346
288	50	28
289	367	383
290	762	784
291	819	814
292	353	375
293	47	136
294	37	88
295	413	397
296	934	987
297	770	767
298	924	940
299	177	128
300	693	675
301	894	810
302	560	606
303	623	624
304	985	902
305	74	29
306	58	148
307	950	979
308	788	776
309	388	302
310	696	738
311	273	244
312	924	937
313	138	104
314	426	362
315	391	374
316	860	793
317	80	75
318	482	393
319	71	79
320	140	50
321	66	155
322	48	2
323	297	320
324	775	686
325	495	463
326	756	696
327	675	713
328	315	293
329	430	342
330	181	197
331	656	754
332	896	837
333	609	684
334	451	482
335	474	405
336	889	971
337	344	431
338	119	129
339	874	818
340	57	101
341	470	557
342	849	894
343	98	78
344	31	83
345	851	854
346	836	799
347	1066	970
348	895	895
349	801	831
350	135	46
351	551	565
352	274	292
353	508	491
354	582	651
355	437	504
356	290	230
357	263	222
358	662	658
359	323	398
360	666	707
361	386	315
362	872	894
363	443	380
364	361	341
365	785	719
366	235	190
367	936	905
368	113	105
369	612	553
370	918	831
371	311	261
372	416	432
373	1042	952
374	58	99
375	407	319
376	22	110
377	117	31
378	831	765
379	754	795
380	852	946
381	132	84
382	890	835
383	627	675
384	317	382
385	66	93
386	285	197
387	521	561
388	504	451
389	364	302
390	547	548
391	73	163
392	476	414
393	419	475
394	466	476
395	743	657
396	680	586
397	338	437
398	632	627
399	925	930
400	672	748
401	367	430
402	719	738
403	514	587
404	58	104
405	332	305
406	442	408
407	728	781
408	811	780
409	566	602
410	141	131
411	194	122
412	862	891
413	648	732
414	626	654
415	555	568
416	890	903
417	47	38
418	259	282
419	120	65
420	1053	982
421	236	153
422	128	227
423	720	666
424	715	705
425	37	29
426	596	538
427	211	111
428	73	15
429	14	9
430	780	782
431	420	391
432	531	574
433	855	946
434	650	650
435	79	89
436	372	332
437	830	801
438	83	47
439	411	481
440	924	890
441	547	630
442	957	960
443	276	212
444	426	395
445	663	591
446	369	299
447	171	112
448	214	210
449	774	785
450	849	893
451	234	163
452	504	582
453	419	453
454	85	25
455	487	510
456	805	858
457	243	202
458	537	609
459	239	155
460	116	20
461	923	877
462	102	134
463	855	854
464	134	108
465	139	146
466	657	651
467	669	605
468	805	847
469	526	466
470	247	275
471	24	87
472	673	727
473	895	916
474	782	793
475	821	892
476	718	629
477	68	68
478	454	544
479	771	733
480	472	383
481	551	510
482	93	179
483	57	52
484	727	739
485	256	297
486	903	957
487	496	499
488	189	253
489	561	615
490	436	336
491	654	584
492	705	741
493	453	511
494	355	291
495	76	17
496	190	198
497	283	238
498	975	996
499	423	435
500	271	289
501	67	44
502	785	807
503	75	20
504	546	518
505	554	615
506	187	213
507	220	216
508	643	613
509	625	672
510	280	233
511	772	723
512	157	242
513	621	614
514	115	27
515	950	875
516	610	624
517	649	688
518	105	136
519	955	947
520	851	820
521	363	300
522	53	77
523	785	773
524	569	669
525	881	878
526	488	572
527	200	146
528	800	740
529	27	36
530	375	455
531	811	894
532	319	297
533	521	469
534	188	277
535	640	566
536	71	122
537	388	403
538	810	904
539	71	170
540	755	711
541	51	77
542	249	311
543	667	626
544	398	306
545	100	110
546	921	834
547	283	355
548	955	872
549	968	947
550	970	914
551	655	569
552	140	203
553	290	225
554	530	603
555	289	215
556	783	845
557	360	394
558	854	881
559	600	570
560	910	972
561	66	24
562	159	89
563	786	773
564	144	169
565	457	435
566	225	226
567	425	485
568	254	343
569	524	607
570	1086	994
571	709	637
572	219	294
573	86	90
574	335	395
575	748	726
576	658	589
577	816	901
578	345	362
579	747	830
580	193	216
581	1083	990
582	1003	978
583	761	734
584	37	66
585	851	776
586	688	772
587	512	567
588	199	248
589	678	761
590	533	569
591	567	588
592	550	535
593	996	921
594	119	34
595	813	882
596	187	220
597	536	608
598	1035	970
599	824	766
600	307	368
601	549	634
602	743	679
603	606	684
604	920	977
605	662	617
606	304	228
607	15	7
608	565	659
609	657	702
610	286	347
611	915	911
612	669	686
613	810	899
614	924	895
615	643	660
616	313	393
617	384	372
618	10	92
619	92	181
620	125	39
621	629	557
622	289	324
623	192	94
624	463	499
625	635	684
626	53	58
627	940	883
628	563	468
629	996	982
630	585	493
631	659	622
632	582	493
633	588	611
634	81	72
635	596	687
636	412	363
637	895	944
638	63	20
639	242	277
640	484	511
641	130	217
642	950	907
643	34	13
644	758	659
645	388	288
646	464	484
647	20	13
648	103	48
649	729	752
650	599	577
651	509	560
652	630	660
653	407	397
654	567	479
655	525	510
656	299	388
657	406	506
658	962	942
659	462	464
660	399	313
661	103	142
662	917	992
663	1012	998
664	631	617
665	561	558
666	100	98
667	712	762
668	346	250
669	677	658
670	618	649
671	126	48
672	757	742
673	121	130
674	783	734
675	359	409
676	593	526
677	953	862
678	488	435
679	1028	963
680	93	20
681	172	223
682	325	353
683	504	511
684	40	85
685	585	674
686	521	610
687	519	605
688	911	972
689	934	996
690	507	539
691	157	192
692	997	991
693	282	327
694	202	243
695	419	355
696	845	796
697	209	268
698	204	126
699	707	644
700	951	972
701	1050	977
702	36	124
703	97	50
704	192	235
705	143	197
706	161	214
707	554	470
708	749	668
709	788	763
710	105	122
711	920	879
712	11	54
713	3	39
714	523	605
715	450	374
716	1	18
717	705	803
718	274	249
719	643	618
720	728	727
721	452	511
722	832	787
723	523	573
724	737	795
725	80	14
726	254	271
727	1003	995
728	861	782
729	378	286
730	481	509
731	123	154
732	331	427
733	269	260
734	385	454
735	814	728
736	345	376
737	753	745
738	299	390
739	158	196
740	251	210
741	849	855
742	503	491
743	746	755
744	376	428
745	357	448
746	504	427
747	192	284
748	227	287
749	384	292
750	626	693
751	855	799
752	778	848
753	273	175
754	955	857
755	46	60
756	608	641
757	145	131
758	502	597
759	774	677
760	536	527
761	103	94
762	322	361
763	354	300
764	223	306
765	97	19
766	799	816
767	118	212
768	424	479
769	975	906
770	991	924
771	761	712
772	185	169
773	68	69
774	324	403
775	550	554
776	729	796
777	939	993
778	159	172
779	438	403
780	117	178
781	775	693
782	341	332
783	551	485
784	390	406
785	57	46
786	839	807
787	53	49
788	738	696
789	280	301
790	675	617
791	998	919
792	223	143
793	622	536
794	1045	960
795	491	446
796	7	6
797	205	265
798	728	628
799	356	326
800	107	88
801	6	94
802	426	361
803	737	756
804	707	760
805	45	38
806	1051	992
807	449	446
808	103	7
809	952	898
810	805	760
811	782	685
812	882	881
813	463	415
814	282	196
815	566	512
816	233	228
817	813	720
818	596	611
819	888	945
820	456	487
821	221	180
822	889	811
823	495	500
824	829	745
825	976	989
826	453	475
827	198	212
828	585	587
829	42	28
830	291	277
831	319	371
832	537	518
833	545	571
834	841	923
835	913	947
836	759	659
837	913	957
838	168	208
839	434	397
840	234	203
841	323	242
842	597	501
843	223	310
844	120	45
845	470	449
846	501	509
847	360	392
848	267	190
849	251	158
850	196	100
851	926	940
852	86	86
853	600	541
854	550	627
855	75	77
856	743	671
857	458	460
858	244	169
859	863	805
860	109	143
861	442	542
862	315	317
863	826	877
864	1021	948
865	458	421
866	895	909
867	338	361
868	206	220
869	813	905
870	726	714
871	309	269
872	388	429
873	840	846
874	627	561
875	500	597
876	411	344
877	81	26
878	822	726
879	480	462
880	598	636
881	995	907
882	325	230
883	356	442
884	525	482
885	145	94
886	520	474
887	97	175
888	89	21
889	789	821
890	91	182
891	347	316
892	332	276
893	873	879
894	487	401
895	613	611
896	680	722
897	212	144
898	12	47
899	841	902
900	146	101
901	441	347
902	72	60
903	181	176
904	792	864
905	339	390
906	805	769
907	96	33
908	28	78
909	911	931
910	168	164
911	97	180
912	169	185
913	514	574
914	310	312
915	226	157
916	929	935
917	706	642
918	924	926
919	376	352
920	894	946
921	496	550
922	866	914
923	599	526
924	389	406
925	78	7
926	682	597
927	133	135
928	802	785
929	513	563
930	188	282
931	837	853
932	651	716
933	716	760
934	692	615
935	46	131
936	432	374
937	544	581
938	110	195
939	665	627
940	924	961
941	560	546
942	405	306
943	772	860
944	889	961
945	963	871
946	913	830
947	756	723
948	563	558
949	541	484
950	242	256
951	329	368
952	604	618
953	532	582
954	670	748
955	831	761
956	895	838
957	247	291
958	324	381
959	138	101
960	788	760
961	305	227
962	647	708
963	752	831
964	338	412
965	947	901
966	321	407
967	534	557
968	266	228
969	329	321
970	475	453
971	288	228
972	400	453
973	145	165
974	744	698
975	736	756
976	175	174
977	370	330
978	674	749
979	624	587
980	779	802
981	337	385
982	169	265
983	610	595
984	474	557
985	939	875
986	722	712
987	698	756
988	154	103
989	412	319
990	646	685
991	642	660
992	958	927
993	267	245
994	141	156
995	329	252
996	108	11
997	905	932
998	993	896
999	472	442